Mortgage Amortization Schedule
Loan amount: $488000.0, Interest rate: 7.0%, Term: 30 years, Monthly payment: $3246.68, Final payment: $3242.02, Total paid: $1168804.80, Cost of credit: $680804.80
Month	Interest Payment	Principal Payment	Remaining Balance
1	2846.67	400.01	487599.99
2	2844.33	402.35	487197.64
3	2841.99	404.69	486792.95
4	2839.63	407.05	486385.89
5	2837.25	409.43	485976.46
6	2834.86	411.82	485564.65
7	2832.46	414.22	485150.43
8	2830.04	416.64	484733.79
9	2827.61	419.07	484314.72
10	2825.17	421.51	483893.21
11	2822.71	423.97	483469.24
12	2820.24	426.44	483042.80
13	2817.75	428.93	482613.87
14	2815.25	431.43	482182.44
15	2812.73	433.95	481748.49
16	2810.20	436.48	481312.01
17	2807.65	439.03	480872.98
18	2805.09	441.59	480431.39
19	2802.52	444.16	479987.23
20	2799.93	446.75	479540.48
21	2797.32	449.36	479091.12
22	2794.70	451.98	478639.13
23	2792.06	454.62	478184.52
24	2789.41	457.27	477727.24
25	2786.74	459.94	477267.31
26	2784.06	462.62	476804.69
27	2781.36	465.32	476339.37
28	2778.65	468.03	475871.33
29	2775.92	470.76	475400.57
30	2773.17	473.51	474927.06
31	2770.41	476.27	474450.79
32	2767.63	479.05	473971.74
33	2764.84	481.84	473489.89
34	2762.02	484.66	473005.24
35	2759.20	487.48	472517.75
36	2756.35	490.33	472027.43
37	2753.49	493.19	471534.24
38	2750.62	496.06	471038.18
39	2747.72	498.96	470539.22
40	2744.81	501.87	470037.35
41	2741.88	504.80	469532.56
42	2738.94	507.74	469024.82
43	2735.98	510.70	468514.11
44	2733.00	513.68	468000.43
45	2730.00	516.68	467483.76
46	2726.99	519.69	466964.06
47	2723.96	522.72	466441.34
48	2720.91	525.77	465915.57
49	2717.84	528.84	465386.73
50	2714.76	531.92	464854.81
51	2711.65	535.03	464319.78
52	2708.53	538.15	463781.63
53	2705.39	541.29	463240.34
54	2702.24	544.44	462695.90
55	2699.06	547.62	462148.28
56	2695.86	550.82	461597.46
57	2692.65	554.03	461043.44
58	2689.42	557.26	460486.18
59	2686.17	560.51	459925.67
60	2682.90	563.78	459361.88
61	2679.61	567.07	458794.82
62	2676.30	570.38	458224.44
63	2672.98	573.70	457650.73
64	2669.63	577.05	457073.68
65	2666.26	580.42	456493.27
66	2662.88	583.80	455909.46
67	2659.47	587.21	455322.26
68	2656.05	590.63	454731.62
69	2652.60	594.08	454137.54
70	2649.14	597.54	453540.00
71	2645.65	601.03	452938.97
72	2642.14	604.54	452334.43
73	2638.62	608.06	451726.37
74	2635.07	611.61	451114.76
75	2631.50	615.18	450499.58
76	2627.91	618.77	449880.82
77	2624.30	622.38	449258.44
78	2620.67	626.01	448632.44
79	2617.02	629.66	448002.78
80	2613.35	633.33	447369.45
81	2609.66	637.02	446732.43
82	2605.94	640.74	446091.68
83	2602.20	644.48	445447.21
84	2598.44	648.24	444798.97
85	2594.66	652.02	444146.95
86	2590.86	655.82	443491.13
87	2587.03	659.65	442831.48
88	2583.18	663.50	442167.98
89	2579.31	667.37	441500.61
90	2575.42	671.26	440829.35
91	2571.50	675.18	440154.18
92	2567.57	679.11	439475.06
93	2563.60	683.08	438791.99
94	2559.62	687.06	438104.93
95	2555.61	691.07	437413.86
96	2551.58	695.10	436718.76
97	2547.53	699.15	436019.61
98	2543.45	703.23	435316.38
99	2539.35	707.33	434609.04
100	2535.22	711.46	433897.58
101	2531.07	715.61	433181.97
102	2526.89	719.79	432462.19
103	2522.70	723.98	431738.20
104	2518.47	728.21	431009.99
105	2514.22	732.46	430277.54
106	2509.95	736.73	429540.81
107	2505.65	741.03	428799.79
108	2501.33	745.35	428054.44
109	2496.98	749.70	427304.74
110	2492.61	754.07	426550.67
111	2488.21	758.47	425792.21
112	2483.79	762.89	425029.31
113	2479.34	767.34	424261.97
114	2474.86	771.82	423490.15
115	2470.36	776.32	422713.83
116	2465.83	780.85	421932.98
117	2461.28	785.40	421147.58
118	2456.69	789.99	420357.59
119	2452.09	794.59	419563.00
120	2447.45	799.23	418763.77
121	2442.79	803.89	417959.88
122	2438.10	808.58	417151.30
123	2433.38	813.30	416338.00
124	2428.64	818.04	415519.96
125	2423.87	822.81	414697.14
126	2419.07	827.61	413869.53
127	2414.24	832.44	413037.09
128	2409.38	837.30	412199.79
129	2404.50	842.18	411357.61
130	2399.59	847.09	410510.52
131	2394.64	852.04	409658.48
132	2389.67	857.01	408801.48
133	2384.68	862.00	407939.47
134	2379.65	867.03	407072.44
135	2374.59	872.09	406200.35
136	2369.50	877.18	405323.17
137	2364.39	882.29	404440.88
138	2359.24	887.44	403553.43
139	2354.06	892.62	402660.82
140	2348.85	897.83	401762.99
141	2343.62	903.06	400859.93
142	2338.35	908.33	399951.60
143	2333.05	913.63	399037.97
144	2327.72	918.96	398119.01
145	2322.36	924.32	397194.69
146	2316.97	929.71	396264.98
147	2311.55	935.13	395329.85
148	2306.09	940.59	394389.26
149	2300.60	946.08	393443.18
150	2295.09	951.59	392491.59
151	2289.53	957.15	391534.44
152	2283.95	962.73	390571.71
153	2278.33	968.35	389603.37
154	2272.69	973.99	388629.37
155	2267.00	979.68	387649.70
156	2261.29	985.39	386664.31
157	2255.54	991.14	385673.17
158	2249.76	996.92	384676.25
159	2243.94	1002.74	383673.51
160	2238.10	1008.58	382664.93
161	2232.21	1014.47	381650.46
162	2226.29	1020.39	380630.08
163	2220.34	1026.34	379603.74
164	2214.36	1032.32	378571.41
165	2208.33	1038.35	377533.07
166	2202.28	1044.40	376488.66
167	2196.18	1050.50	375438.17
168	2190.06	1056.62	374381.54
169	2183.89	1062.79	373318.75
170	2177.69	1068.99	372249.77
171	2171.46	1075.22	371174.54
172	2165.18	1081.50	370093.05
173	2158.88	1087.80	369005.25
174	2152.53	1094.15	367911.10
175	2146.15	1100.53	366810.56
176	2139.73	1106.95	365703.61
177	2133.27	1113.41	364590.20
178	2126.78	1119.90	363470.30
179	2120.24	1126.44	362343.86
180	2113.67	1133.01	361210.86
181	2107.06	1139.62	360071.24
182	2100.42	1146.26	358924.97
183	2093.73	1152.95	357772.02
184	2087.00	1159.68	356612.35
185	2080.24	1166.44	355445.91
186	2073.43	1173.25	354272.66
187	2066.59	1180.09	353092.57
188	2059.71	1186.97	351905.60
189	2052.78	1193.90	350711.70
190	2045.82	1200.86	349510.84
191	2038.81	1207.87	348302.97
192	2031.77	1214.91	347088.06
193	2024.68	1222.00	345866.06
194	2017.55	1229.13	344636.93
195	2010.38	1236.30	343400.63
196	2003.17	1243.51	342157.12
197	1995.92	1250.76	340906.36
198	1988.62	1258.06	339648.30
199	1981.28	1265.40	338382.90
200	1973.90	1272.78	337110.12
201	1966.48	1280.20	335829.92
202	1959.01	1287.67	334542.25
203	1951.50	1295.18	333247.06
204	1943.94	1302.74	331944.32
205	1936.34	1310.34	330633.99
206	1928.70	1317.98	329316.00
207	1921.01	1325.67	327990.33
208	1913.28	1333.40	326656.93
209	1905.50	1341.18	325315.75
210	1897.68	1349.00	323966.74
211	1889.81	1356.87	322609.87
212	1881.89	1364.79	321245.08
213	1873.93	1372.75	319872.33
214	1865.92	1380.76	318491.57
215	1857.87	1388.81	317102.76
216	1849.77	1396.91	315705.85
217	1841.62	1405.06	314300.78
218	1833.42	1413.26	312887.53
219	1825.18	1421.50	311466.02
220	1816.89	1429.79	310036.23
221	1808.54	1438.14	308598.09
222	1800.16	1446.52	307151.57
223	1791.72	1454.96	305696.61
224	1783.23	1463.45	304233.16
225	1774.69	1471.99	302761.17
226	1766.11	1480.57	301280.60
227	1757.47	1489.21	299791.39
228	1748.78	1497.90	298293.49
229	1740.05	1506.63	296786.85
230	1731.26	1515.42	295271.43
231	1722.42	1524.26	293747.17
232	1713.53	1533.15	292214.01
233	1704.58	1542.10	290671.91
234	1695.59	1551.09	289120.82
235	1686.54	1560.14	287560.68
236	1677.44	1569.24	285991.44
237	1668.28	1578.40	284413.04
238	1659.08	1587.60	282825.44
239	1649.82	1596.86	281228.57
240	1640.50	1606.18	279622.39
241	1631.13	1615.55	278006.84
242	1621.71	1624.97	276381.87
243	1612.23	1634.45	274747.42
244	1602.69	1643.99	273103.43
245	1593.10	1653.58	271449.85
246	1583.46	1663.22	269786.63
247	1573.76	1672.92	268113.70
248	1564.00	1682.68	266431.02
249	1554.18	1692.50	264738.52
250	1544.31	1702.37	263036.15
251	1534.38	1712.30	261323.85
252	1524.39	1722.29	259601.56
253	1514.34	1732.34	257869.22
254	1504.24	1742.44	256126.78
255	1494.07	1752.61	254374.17
256	1483.85	1762.83	252611.34
257	1473.57	1773.11	250838.22
258	1463.22	1783.46	249054.77
259	1452.82	1793.86	247260.91
260	1442.36	1804.32	245456.58
261	1431.83	1814.85	243641.73
262	1421.24	1825.44	241816.30
263	1410.60	1836.08	239980.21
264	1399.88	1846.80	238133.42
265	1389.11	1857.57	236275.85
266	1378.28	1868.40	234407.44
267	1367.38	1879.30	232528.14
268	1356.41	1890.27	230637.87
269	1345.39	1901.29	228736.58
270	1334.30	1912.38	226824.20
271	1323.14	1923.54	224900.66
272	1311.92	1934.76	222965.90
273	1300.63	1946.05	221019.85
274	1289.28	1957.40	219062.46
275	1277.86	1968.82	217093.64
276	1266.38	1980.30	215113.34
277	1254.83	1991.85	213121.49
278	1243.21	2003.47	211118.02
279	1231.52	2015.16	209102.86
280	1219.77	2026.91	207075.95
281	1207.94	2038.74	205037.21
282	1196.05	2050.63	202986.58
283	1184.09	2062.59	200923.99
284	1172.06	2074.62	198849.36
285	1159.95	2086.73	196762.64
286	1147.78	2098.90	194663.74
287	1135.54	2111.14	192552.60
288	1123.22	2123.46	190429.14
289	1110.84	2135.84	188293.30
290	1098.38	2148.30	186145.00
291	1085.85	2160.83	183984.16
292	1073.24	2173.44	181810.72
293	1060.56	2186.12	179624.61
294	1047.81	2198.87	177425.74
295	1034.98	2211.70	175214.04
296	1022.08	2224.60	172989.44
297	1009.11	2237.57	170751.87
298	996.05	2250.63	168501.24
299	982.92	2263.76	166237.48
300	969.72	2276.96	163960.52
301	956.44	2290.24	161670.28
302	943.08	2303.60	159366.67
303	929.64	2317.04	157049.63
304	916.12	2330.56	154719.08
305	902.53	2344.15	152374.92
306	888.85	2357.83	150017.10
307	875.10	2371.58	147645.52
308	861.27	2385.41	145260.10
309	847.35	2399.33	142860.77
310	833.35	2413.33	140447.45
311	819.28	2427.40	138020.05
312	805.12	2441.56	135578.48
313	790.87	2455.81	133122.68
314	776.55	2470.13	130652.55
315	762.14	2484.54	128168.01
316	747.65	2499.03	125668.97
317	733.07	2513.61	123155.36
318	718.41	2528.27	120627.09
319	703.66	2543.02	118084.07
320	688.82	2557.86	115526.21
321	673.90	2572.78	112953.43
322	658.90	2587.78	110365.65
323	643.80	2602.88	107762.77
324	628.62	2618.06	105144.70
325	613.34	2633.34	102511.37
326	597.98	2648.70	99862.67
327	582.53	2664.15	97198.52
328	566.99	2679.69	94518.83
329	551.36	2695.32	91823.51
330	535.64	2711.04	89112.47
331	519.82	2726.86	86385.61
332	503.92	2742.76	83642.85
333	487.92	2758.76	80884.09
334	471.82	2774.86	78109.23
335	455.64	2791.04	75318.19
336	439.36	2807.32	72510.86
337	422.98	2823.70	69687.16
338	406.51	2840.17	66846.99
339	389.94	2856.74	63990.25
340	373.28	2873.40	61116.85
341	356.51	2890.17	58226.68
342	339.66	2907.02	55319.66
343	322.70	2923.98	52395.68
344	305.64	2941.04	49454.64
345	288.49	2958.19	46496.44
346	271.23	2975.45	43520.99
347	253.87	2992.81	40528.19
348	236.41	3010.27	37517.92
349	218.85	3027.83	34490.10
350	201.19	3045.49	31444.61
351	183.43	3063.25	28381.35
352	165.56	3081.12	25300.23
353	147.58	3099.10	22201.14
354	129.51	3117.17	19083.96
355	111.32	3135.36	15948.61
356	93.03	3153.65	12794.96
357	74.64	3172.04	9622.92
358	56.13	3190.55	6432.37
359	37.52	3209.16	3223.21
360	18.80	3227.88	-4.66
