Mortgage Amortization Schedule
Loan amount: $488000.0, Interest rate: 7.0%, Term: 30 years, Monthly payment: $3246.68, Final payment: $3242.02, Total paid: $1168804.80, Cost of credit: $680804.80
Month	Interest Payment	Principal Payment	Remaining Balance
1	2846.67	1400.01	486599.99
2	2838.50	1408.18	485191.81
3	2830.29	1416.39	483775.41
4	2822.02	1424.66	482350.76
5	2813.71	1432.97	480917.79
6	2805.35	1441.33	479476.46
7	2796.95	1449.73	478026.73
8	2788.49	1458.19	476568.54
9	2779.98	1466.70	475101.84
10	2771.43	1475.25	473626.59
11	2762.82	1483.86	472142.73
12	2754.17	1492.51	470650.22
13	2745.46	1501.22	469148.99
14	2736.70	1509.98	467639.02
15	2727.89	1518.79	466120.23
16	2719.03	1527.65	464592.59
17	2710.12	1536.56	463056.03
18	2701.16	1545.52	461510.51
19	2692.14	1554.54	459955.97
20	2683.08	1563.60	458392.37
21	2673.96	1572.72	456819.65
22	2664.78	1581.90	455237.75
23	2655.55	1591.13	453646.62
24	2646.27	1600.41	452046.21
25	2636.94	1609.74	450436.47
26	2627.55	1619.13	448817.34
27	2618.10	1628.58	447188.76
28	2608.60	1638.08	445550.68
29	2599.05	1647.63	443903.04
30	2589.43	1657.25	442245.80
31	2579.77	1666.91	440578.89
32	2570.04	1676.64	438902.25
33	2560.26	1686.42	437215.83
34	2550.43	1696.25	435519.58
35	2540.53	1706.15	433813.43
36	2530.58	1716.10	432097.33
37	2520.57	1726.11	430371.21
38	2510.50	1736.18	428635.03
39	2500.37	1746.31	426888.72
40	2490.18	1756.50	425132.23
41	2479.94	1766.74	423365.49
42	2469.63	1777.05	421588.44
43	2459.27	1787.41	419801.02
44	2448.84	1797.84	418003.18
45	2438.35	1808.33	416194.86
46	2427.80	1818.88	414375.98
47	2417.19	1829.49	412546.49
48	2406.52	1840.16	410706.33
49	2395.79	1850.89	408855.44
50	2384.99	1861.69	406993.75
51	2374.13	1872.55	405121.20
52	2363.21	1883.47	403237.73
53	2352.22	1894.46	401343.27
54	2341.17	1905.51	399437.76
55	2330.05	1916.63	397521.13
56	2318.87	1927.81	395593.32
57	2307.63	1939.05	393654.27
58	2296.32	1950.36	391703.91
59	2284.94	1961.74	389742.17
60	2273.50	1973.18	387768.98
61	2261.99	1984.69	385784.29
62	2250.41	1996.27	383788.02
63	2238.76	2007.92	381780.10
64	2227.05	2019.63	379760.47
65	2215.27	2031.41	377729.06
66	2203.42	2043.26	375685.80
67	2191.50	2055.18	373630.62
68	2179.51	2067.17	371563.45
69	2167.45	2079.23	369484.23
70	2155.32	2091.36	367392.87
71	2143.13	2103.55	365289.32
72	2130.85	2115.83	363173.49
73	2118.51	2128.17	361045.32
74	2106.10	2140.58	358904.74
75	2093.61	2153.07	356751.67
76	2081.05	2165.63	354586.04
77	2068.42	2178.26	352407.78
78	2055.71	2190.97	350216.81
79	2042.93	2203.75	348013.06
80	2030.08	2216.60	345796.46
81	2017.15	2229.53	343566.93
82	2004.14	2242.54	341324.39
83	1991.06	2255.62	339068.77
84	1977.90	2268.78	336799.99
85	1964.67	2282.01	334517.97
86	1951.35	2295.33	332222.65
87	1937.97	2308.71	329913.93
88	1924.50	2322.18	327591.75
89	1910.95	2335.73	325256.02
90	1897.33	2349.35	322906.67
91	1883.62	2363.06	320543.61
92	1869.84	2376.84	318166.77
93	1855.97	2390.71	315776.06
94	1842.03	2404.65	313371.41
95	1828.00	2418.68	310952.73
96	1813.89	2432.79	308519.94
97	1799.70	2446.98	306072.96
98	1785.43	2461.25	303611.71
99	1771.07	2475.61	301136.09
100	1756.63	2490.05	298646.04
101	1742.10	2504.58	296141.46
102	1727.49	2519.19	293622.28
103	1712.80	2533.88	291088.39
104	1698.02	2548.66	288539.73
105	1683.15	2563.53	285976.20
106	1668.19	2578.49	283397.71
107	1653.15	2593.53	280804.18
108	1638.02	2608.66	278195.53
109	1622.81	2623.87	275571.66
110	1607.50	2639.18	272932.48
111	1592.11	2654.57	270277.90
112	1576.62	2670.06	267607.84
113	1561.05	2685.63	264922.21
114	1545.38	2701.30	262220.91
115	1529.62	2717.06	259503.85
116	1513.77	2732.91	256770.94
117	1497.83	2748.85	254022.09
118	1481.80	2764.88	251257.21
119	1465.67	2781.01	248476.20
120	1449.44	2797.24	245678.96
121	1433.13	2813.55	242865.41
122	1416.71	2829.97	240035.44
123	1400.21	2846.47	237188.97
124	1383.60	2863.08	234325.89
125	1366.90	2879.78	231446.11
126	1350.10	2896.58	228549.54
127	1333.21	2913.47	225636.06
128	1316.21	2930.47	222705.59
129	1299.12	2947.56	219758.03
130	1281.92	2964.76	216793.27
131	1264.63	2982.05	213811.22
132	1247.23	2999.45	210811.77
133	1229.74	3016.94	207794.83
134	1212.14	3034.54	204760.28
135	1194.43	3052.25	201708.04
136	1176.63	3070.05	198637.99
137	1158.72	3087.96	195550.03
138	1140.71	3105.97	192444.06
139	1122.59	3124.09	189319.97
140	1104.37	3142.31	186177.65
141	1086.04	3160.64	183017.01
142	1067.60	3179.08	179837.93
143	1049.05	3197.63	176640.30
144	1030.40	3216.28	173424.03
145	1011.64	3235.04	170188.99
146	992.77	3253.91	166935.07
147	973.79	3272.89	163662.18
148	954.70	3291.98	160370.20
149	935.49	3311.19	157059.01
150	916.18	3330.50	153728.51
151	896.75	3349.93	150378.58
152	877.21	3369.47	147009.11
153	857.55	3389.13	143619.98
154	837.78	3408.90	140211.08
155	817.90	3428.78	136782.30
156	797.90	3448.78	133333.52
157	777.78	3468.90	129864.62
158	757.54	3489.14	126375.48
159	737.19	3509.49	122865.99
160	716.72	3529.96	119336.03
161	696.13	3550.55	115785.48
162	675.42	3571.26	112214.21
163	654.58	3592.10	108622.11
164	633.63	3613.05	105009.06
165	612.55	3634.13	101374.94
166	591.35	3655.33	97719.61
167	570.03	3676.65	94042.96
168	548.58	3698.10	90344.86
169	527.01	3719.67	86625.20
170	505.31	3741.37	82883.83
171	483.49	3763.19	79120.64
172	461.54	3785.14	75335.50
173	439.46	3807.22	71528.27
174	417.25	3829.43	67698.84
175	394.91	3851.77	63847.07
176	372.44	3874.24	59972.83
177	349.84	3896.84	56075.99
178	327.11	3919.57	52156.42
179	304.25	3942.43	48213.99
180	281.25	3965.43	44248.56
181	258.12	3988.56	40260.00
182	234.85	4011.83	36248.16
183	211.45	4035.23	32212.93
184	187.91	4058.77	28154.16
185	164.23	4082.45	24071.71
186	140.42	4106.26	19965.45
187	116.47	4130.21	15835.24
188	92.37	4154.31	11680.93
189	68.14	4178.54	7502.39
190	43.76	4202.92	3299.47
191	19.25	4227.43	-927.96
192	-5.41	4252.09	-5180.05
193	-30.22	4276.90	-9456.95
194	-55.17	4301.85	-13758.80
195	-80.26	4326.94	-18085.74
196	-105.50	4352.18	-22437.92
197	-130.89	4377.57	-26815.48
198	-156.42	4403.10	-31218.59
199	-182.11	4428.79	-35647.38
200	-207.94	4454.62	-40102.00
201	-233.93	4480.61	-44582.61
202	-260.07	4506.75	-49089.35
203	-286.35	4533.03	-53622.39
204	-312.80	4559.48	-58181.86
205	-339.39	4586.07	-62767.94
206	-366.15	4612.83	-67380.76
207	-393.05	4639.73	-72020.50
208	-420.12	4666.80	-76687.30
209	-447.34	4694.02	-81381.32
210	-474.72	4721.40	-86102.73
211	-502.27	4748.95	-90851.67
212	-529.97	4776.65	-95628.32
213	-557.83	4804.51	-100432.83
214	-585.86	4832.54	-105265.37
215	-614.05	4860.73	-110126.10
216	-642.40	4889.08	-115015.18
217	-670.92	4917.60	-119932.78
218	-699.61	4946.29	-124879.07
219	-728.46	4975.14	-129854.21
220	-757.48	5004.16	-134858.37
221	-786.67	5033.35	-139891.73
222	-816.04	5062.72	-144954.44
223	-845.57	5092.25	-150046.69
224	-875.27	5121.95	-155168.64
225	-905.15	5151.83	-160320.47
226	-935.20	5181.88	-165502.36
227	-965.43	5212.11	-170714.47
228	-995.83	5242.51	-175956.98
229	-1026.42	5273.10	-181230.08
230	-1057.18	5303.86	-186533.93
231	-1088.11	5334.79	-191868.73
232	-1119.23	5365.91	-197234.64
233	-1150.54	5397.22	-202631.86
234	-1182.02	5428.70	-208060.56
235	-1213.69	5460.37	-213520.92
236	-1245.54	5492.22	-219013.14
237	-1277.58	5524.26	-224537.40
238	-1309.80	5556.48	-230093.88
239	-1342.21	5588.89	-235682.77
240	-1374.82	5621.50	-241304.27
241	-1407.61	5654.29	-246958.56
242	-1440.59	5687.27	-252645.83
243	-1473.77	5720.45	-258366.28
244	-1507.14	5753.82	-264120.09
245	-1540.70	5787.38	-269907.47
246	-1574.46	5821.14	-275728.61
247	-1608.42	5855.10	-281583.71
248	-1642.57	5889.25	-287472.96
249	-1676.93	5923.61	-293396.57
250	-1711.48	5958.16	-299354.73
251	-1746.24	5992.92	-305347.64
252	-1781.19	6027.87	-311375.52
253	-1816.36	6063.04	-317438.56
254	-1851.72	6098.40	-323536.96
255	-1887.30	6133.98	-329670.94
256	-1923.08	6169.76	-335840.70
257	-1959.07	6205.75	-342046.45
258	-1995.27	6241.95	-348288.40
259	-2031.68	6278.36	-354566.76
260	-2068.31	6314.99	-360881.75
261	-2105.14	6351.82	-367233.57
262	-2142.20	6388.88	-373622.45
263	-2179.46	6426.14	-380048.59
264	-2216.95	6463.63	-386512.22
265	-2254.65	6501.33	-393013.56
266	-2292.58	6539.26	-399552.82
267	-2330.72	6577.40	-406130.22
268	-2369.09	6615.77	-412746.00
269	-2407.68	6654.36	-419400.36
270	-2446.50	6693.18	-426093.54
271	-2485.55	6732.23	-432825.77
272	-2524.82	6771.50	-439597.27
273	-2564.32	6811.00	-446408.26
274	-2604.05	6850.73	-453258.99
275	-2644.01	6890.69	-460149.68
276	-2684.21	6930.89	-467080.57
277	-2724.64	6971.32	-474051.88
278	-2765.30	7011.98	-481063.87
279	-2806.21	7052.89	-488116.75
280	-2847.35	7094.03	-495210.78
281	-2888.73	7135.41	-502346.19
282	-2930.35	7177.03	-509523.22
283	-2972.22	7218.90	-516742.12
284	-3014.33	7261.01	-524003.13
285	-3056.68	7303.36	-531306.50
286	-3099.29	7345.97	-538652.46
287	-3142.14	7388.82	-546041.28
288	-3185.24	7431.92	-553473.20
289	-3228.59	7475.27	-560948.48
290	-3272.20	7518.88	-568467.36
291	-3316.06	7562.74	-576030.10
292	-3360.18	7606.86	-583636.95
293	-3404.55	7651.23	-591288.18
294	-3449.18	7695.86	-598984.04
295	-3494.07	7740.75	-606724.80
296	-3539.23	7785.91	-614510.70
297	-3584.65	7831.33	-622342.03
298	-3630.33	7877.01	-630219.04
299	-3676.28	7922.96	-638142.00
300	-3722.49	7969.17	-646111.17
301	-3768.98	8015.66	-654126.83
302	-3815.74	8062.42	-662189.25
303	-3862.77	8109.45	-670298.70
304	-3910.08	8156.76	-678455.46
305	-3957.66	8204.34	-686659.80
306	-4005.52	8252.20	-694911.99
307	-4053.65	8300.33	-703212.32
308	-4102.07	8348.75	-711561.08
309	-4150.77	8397.45	-719958.53
310	-4199.76	8446.44	-728404.97
311	-4249.03	8495.71	-736900.68
312	-4298.59	8545.27	-745445.94
313	-4348.43	8595.11	-754041.06
314	-4398.57	8645.25	-762686.31
315	-4449.00	8695.68	-771382.00
316	-4499.73	8746.41	-780128.40
317	-4550.75	8797.43	-788925.83
318	-4602.07	8848.75	-797774.58
319	-4653.69	8900.37	-806674.94
320	-4705.60	8952.28	-815627.23
321	-4757.83	9004.51	-824631.73
322	-4810.35	9057.03	-833688.77
323	-4863.18	9109.86	-842798.63
324	-4916.33	9163.01	-851961.64
325	-4969.78	9216.46	-861178.09
326	-5023.54	9270.22	-870448.31
327	-5077.62	9324.30	-879772.61
328	-5132.01	9378.69	-889151.29
329	-5186.72	9433.40	-898584.69
330	-5241.74	9488.42	-908073.11
331	-5297.09	9543.77	-917616.89
332	-5352.77	9599.45	-927216.33
333	-5408.76	9655.44	-936871.77
334	-5465.09	9711.77	-946583.54
335	-5521.74	9768.42	-956351.96
336	-5578.72	9825.40	-966177.36
337	-5636.03	9882.71	-976060.07
338	-5693.68	9940.36	-986000.43
339	-5751.67	9998.35	-995998.78
340	-5809.99	10056.67	-1006055.46
341	-5868.66	10115.34	-1016170.79
342	-5927.66	10174.34	-1026345.14
343	-5987.01	10233.69	-1036578.83
344	-6046.71	10293.39	-1046872.22
345	-6106.75	10353.43	-1057225.65
346	-6167.15	10413.83	-1067639.48
347	-6227.90	10474.58	-1078114.06
348	-6289.00	10535.68	-1088649.74
349	-6350.46	10597.14	-1099246.88
350	-6412.27	10658.95	-1109905.83
351	-6474.45	10721.13	-1120626.96
352	-6536.99	10783.67	-1131410.63
353	-6599.90	10846.58	-1142257.21
354	-6663.17	10909.85	-1153167.05
355	-6726.81	10973.49	-1164140.54
356	-6790.82	11037.50	-1175178.04
357	-6855.21	11101.89	-1186279.93
358	-6919.97	11166.65	-1197446.57
359	-6985.11	11231.79	-1208678.36
360	-7050.62	11297.30	-1219975.66
