Mortgage Amortization Schedule
Loan amount: $488000.0, Interest rate: 7.0%, Term: 30 years, Monthly payment: $3246.68, Final payment: $3242.02, Total paid: $1168804.80, Cost of credit: $680804.80
Month	Interest Payment	Principal Payment	Remaining Balance
1	2846.67	900.01	487099.99
2	2841.42	905.26	486194.72
3	2836.14	910.54	485284.18
4	2830.82	915.86	484368.32
5	2825.48	921.20	483447.13
6	2820.11	926.57	482520.55
7	2814.70	931.98	481588.58
8	2809.27	937.41	480651.16
9	2803.80	942.88	479708.28
10	2798.30	948.38	478759.90
11	2792.77	953.91	477805.99
12	2787.20	959.48	476846.51
13	2781.60	965.08	475881.43
14	2775.98	970.70	474910.73
15	2770.31	976.37	473934.36
16	2764.62	982.06	472952.30
17	2758.89	987.79	471964.51
18	2753.13	993.55	470970.95
19	2747.33	999.35	469971.60
20	2741.50	1005.18	468966.42
21	2735.64	1011.04	467955.38
22	2729.74	1016.94	466938.44
23	2723.81	1022.87	465915.57
24	2717.84	1028.84	464886.73
25	2711.84	1034.84	463851.89
26	2705.80	1040.88	462811.01
27	2699.73	1046.95	461764.06
28	2693.62	1053.06	460711.01
29	2687.48	1059.20	459651.81
30	2681.30	1065.38	458586.43
31	2675.09	1071.59	457514.84
32	2668.84	1077.84	456436.99
33	2662.55	1084.13	455352.86
34	2656.23	1090.45	454262.41
35	2649.86	1096.82	453165.59
36	2643.47	1103.21	452062.38
37	2637.03	1109.65	450952.73
38	2630.56	1116.12	449836.61
39	2624.05	1122.63	448713.97
40	2617.50	1129.18	447584.79
41	2610.91	1135.77	446449.02
42	2604.29	1142.39	445306.63
43	2597.62	1149.06	444157.57
44	2590.92	1155.76	443001.81
45	2584.18	1162.50	441839.31
46	2577.40	1169.28	440670.02
47	2570.58	1176.10	439493.92
48	2563.71	1182.97	438310.95
49	2556.81	1189.87	437121.09
50	2549.87	1196.81	435924.28
51	2542.89	1203.79	434720.49
52	2535.87	1210.81	433509.68
53	2528.81	1217.87	432291.81
54	2521.70	1224.98	431066.83
55	2514.56	1232.12	429834.70
56	2507.37	1239.31	428595.39
57	2500.14	1246.54	427348.85
58	2492.87	1253.81	426095.04
59	2485.55	1261.13	424833.92
60	2478.20	1268.48	423565.43
61	2470.80	1275.88	422289.55
62	2463.36	1283.32	421006.23
63	2455.87	1290.81	419715.42
64	2448.34	1298.34	418417.08
65	2440.77	1305.91	417111.16
66	2433.15	1313.53	415797.63
67	2425.49	1321.19	414476.44
68	2417.78	1328.90	413147.54
69	2410.03	1336.65	411810.89
70	2402.23	1344.45	410466.44
71	2394.39	1352.29	409114.14
72	2386.50	1360.18	407753.96
73	2378.56	1368.12	406385.85
74	2370.58	1376.10	405009.75
75	2362.56	1384.12	403625.63
76	2354.48	1392.20	402233.43
77	2346.36	1400.32	400833.11
78	2338.19	1408.49	399424.63
79	2329.98	1416.70	398007.92
80	2321.71	1424.97	396582.96
81	2313.40	1433.28	395149.68
82	2305.04	1441.64	393708.04
83	2296.63	1450.05	392257.99
84	2288.17	1458.51	390799.48
85	2279.66	1467.02	389332.46
86	2271.11	1475.57	387856.89
87	2262.50	1484.18	386372.71
88	2253.84	1492.84	384879.87
89	2245.13	1501.55	383378.32
90	2236.37	1510.31	381868.01
91	2227.56	1519.12	380348.90
92	2218.70	1527.98	378820.92
93	2209.79	1536.89	377284.03
94	2200.82	1545.86	375738.17
95	2191.81	1554.87	374183.30
96	2182.74	1563.94	372619.35
97	2173.61	1573.07	371046.28
98	2164.44	1582.24	369464.04
99	2155.21	1591.47	367872.57
100	2145.92	1600.76	366271.81
101	2136.59	1610.09	364661.72
102	2127.19	1619.49	363042.23
103	2117.75	1628.93	361413.30
104	2108.24	1638.44	359774.86
105	2098.69	1647.99	358126.87
106	2089.07	1657.61	356469.26
107	2079.40	1667.28	354801.99
108	2069.68	1677.00	353124.98
109	2059.90	1686.78	351438.20
110	2050.06	1696.62	349741.58
111	2040.16	1706.52	348035.05
112	2030.20	1716.48	346318.58
113	2020.19	1726.49	344592.09
114	2010.12	1736.56	342855.53
115	1999.99	1746.69	341108.84
116	1989.80	1756.88	339351.96
117	1979.55	1767.13	337584.84
118	1969.24	1777.44	335807.40
119	1958.88	1787.80	334019.60
120	1948.45	1798.23	332221.37
121	1937.96	1808.72	330412.64
122	1927.41	1819.27	328593.37
123	1916.79	1829.89	326763.49
124	1906.12	1840.56	324922.93
125	1895.38	1851.30	323071.63
126	1884.58	1862.10	321209.53
127	1873.72	1872.96	319336.58
128	1862.80	1883.88	317452.69
129	1851.81	1894.87	315557.82
130	1840.75	1905.93	313651.89
131	1829.64	1917.04	311734.85
132	1818.45	1928.23	309806.62
133	1807.21	1939.47	307867.15
134	1795.89	1950.79	305916.36
135	1784.51	1962.17	303954.19
136	1773.07	1973.61	301980.58
137	1761.55	1985.13	299995.45
138	1749.97	1996.71	297998.75
139	1738.33	2008.35	295990.39
140	1726.61	2020.07	293970.32
141	1714.83	2031.85	291938.47
142	1702.97	2043.71	289894.76
143	1691.05	2055.63	287839.14
144	1679.06	2067.62	285771.52
145	1667.00	2079.68	283691.84
146	1654.87	2091.81	281600.03
147	1642.67	2104.01	279496.01
148	1630.39	2116.29	277379.73
149	1618.05	2128.63	275251.10
150	1605.63	2141.05	273110.05
151	1593.14	2153.54	270956.51
152	1580.58	2166.10	268790.41
153	1567.94	2178.74	266611.67
154	1555.23	2191.45	264420.23
155	1542.45	2204.23	262216.00
156	1529.59	2217.09	259998.91
157	1516.66	2230.02	257768.89
158	1503.65	2243.03	255525.86
159	1490.57	2256.11	253269.75
160	1477.41	2269.27	251000.48
161	1464.17	2282.51	248717.97
162	1450.85	2295.83	246422.14
163	1437.46	2309.22	244112.93
164	1423.99	2322.69	241790.24
165	1410.44	2336.24	239454.00
166	1396.82	2349.86	237104.14
167	1383.11	2363.57	234740.56
168	1369.32	2377.36	232363.20
169	1355.45	2391.23	229971.98
170	1341.50	2405.18	227566.80
171	1327.47	2419.21	225147.59
172	1313.36	2433.32	222714.27
173	1299.17	2447.51	220266.76
174	1284.89	2461.79	217804.97
175	1270.53	2476.15	215328.82
176	1256.08	2490.60	212838.22
177	1241.56	2505.12	210333.10
178	1226.94	2519.74	207813.36
179	1212.24	2534.44	205278.93
180	1197.46	2549.22	202729.71
181	1182.59	2564.09	200165.62
182	1167.63	2579.05	197586.57
183	1152.59	2594.09	194992.48
184	1137.46	2609.22	192383.25
185	1122.24	2624.44	189758.81
186	1106.93	2639.75	187119.06
187	1091.53	2655.15	184463.90
188	1076.04	2670.64	181793.26
189	1060.46	2686.22	179107.04
190	1044.79	2701.89	176405.16
191	1029.03	2717.65	173687.51
192	1013.18	2733.50	170954.00
193	997.23	2749.45	168204.55
194	981.19	2765.49	165439.07
195	965.06	2781.62	162657.45
196	948.84	2797.84	159859.60
197	932.51	2814.17	157045.44
198	916.10	2830.58	154214.86
199	899.59	2847.09	151367.76
200	882.98	2863.70	148504.06
201	866.27	2880.41	145623.66
202	849.47	2897.21	142726.45
203	832.57	2914.11	139812.34
204	815.57	2931.11	136881.23
205	798.47	2948.21	133933.02
206	781.28	2965.40	130967.62
207	763.98	2982.70	127984.92
208	746.58	3000.10	124984.82
209	729.08	3017.60	121967.21
210	711.48	3035.20	118932.01
211	693.77	3052.91	115879.10
212	675.96	3070.72	112808.38
213	658.05	3088.63	109719.75
214	640.03	3106.65	106613.10
215	621.91	3124.77	103488.33
216	603.68	3143.00	100345.33
217	585.35	3161.33	97184.00
218	566.91	3179.77	94004.23
219	548.36	3198.32	90805.91
220	529.70	3216.98	87588.93
221	510.94	3235.74	84353.18
222	492.06	3254.62	81098.56
223	473.07	3273.61	77824.96
224	453.98	3292.70	74532.26
225	434.77	3311.91	71220.35
226	415.45	3331.23	67889.12
227	396.02	3350.66	64538.46
228	376.47	3370.21	61168.25
229	356.81	3389.87	57778.39
230	337.04	3409.64	54368.75
231	317.15	3429.53	50939.22
232	297.15	3449.53	47489.69
233	277.02	3469.66	44020.03
234	256.78	3489.90	40530.13
235	236.43	3510.25	37019.88
236	215.95	3530.73	33489.15
237	195.35	3551.33	29937.82
238	174.64	3572.04	26365.78
239	153.80	3592.88	22772.90
240	132.84	3613.84	19159.06
241	111.76	3634.92	15524.14
242	90.56	3656.12	11868.02
243	69.23	3677.45	8190.57
244	47.78	3698.90	4491.67
245	26.20	3720.48	771.19
246	4.50	3742.18	-2970.99
247	-17.33	3764.01	-6735.00
248	-39.29	3785.97	-10520.97
249	-61.37	3808.05	-14329.02
250	-83.59	3830.27	-18159.29
251	-105.93	3852.61	-22011.90
252	-128.40	3875.08	-25886.98
253	-151.01	3897.69	-29784.67
254	-173.74	3920.42	-33705.09
255	-196.61	3943.29	-37648.39
256	-219.62	3966.30	-41614.68
257	-242.75	3989.43	-45604.11
258	-266.02	4012.70	-49616.82
259	-289.43	4036.11	-53652.93
260	-312.98	4059.66	-57712.58
261	-336.66	4083.34	-61795.92
262	-360.48	4107.16	-65903.08
263	-384.43	4131.11	-70034.19
264	-408.53	4155.21	-74189.40
265	-432.77	4179.45	-78368.86
266	-457.15	4203.83	-82572.69
267	-481.67	4228.35	-86801.04
268	-506.34	4253.02	-91054.06
269	-531.15	4277.83	-95331.89
270	-556.10	4302.78	-99634.67
271	-581.20	4327.88	-103962.55
272	-606.45	4353.13	-108315.68
273	-631.84	4378.52	-112694.20
274	-657.38	4404.06	-117098.27
275	-683.07	4429.75	-121528.02
276	-708.91	4455.59	-125983.61
277	-734.90	4481.58	-130465.20
278	-761.05	4507.73	-134972.93
279	-787.34	4534.02	-139506.95
280	-813.79	4560.47	-144067.42
281	-840.39	4587.07	-148654.49
282	-867.15	4613.83	-153268.32
283	-894.07	4640.75	-157909.07
284	-921.14	4667.82	-162576.88
285	-948.37	4695.05	-167271.93
286	-975.75	4722.43	-171994.36
287	-1003.30	4749.98	-176744.34
288	-1031.01	4777.69	-181522.03
289	-1058.88	4805.56	-186327.59
290	-1086.91	4833.59	-191161.18
291	-1115.11	4861.79	-196022.97
292	-1143.47	4890.15	-200913.11
293	-1171.99	4918.67	-205831.79
294	-1200.69	4947.37	-210779.15
295	-1229.55	4976.23	-215755.38
296	-1258.57	5005.25	-220760.63
297	-1287.77	5034.45	-225795.08
298	-1317.14	5063.82	-230858.90
299	-1346.68	5093.36	-235952.26
300	-1376.39	5123.07	-241075.32
301	-1406.27	5152.95	-246228.28
302	-1436.33	5183.01	-251411.29
303	-1466.57	5213.25	-256624.53
304	-1496.98	5243.66	-261868.19
305	-1527.56	5274.24	-267142.44
306	-1558.33	5305.01	-272447.45
307	-1589.28	5335.96	-277783.40
308	-1620.40	5367.08	-283150.49
309	-1651.71	5398.39	-288548.88
310	-1683.20	5429.88	-293978.76
311	-1714.88	5461.56	-299440.32
312	-1746.74	5493.42	-304933.73
313	-1778.78	5525.46	-310459.19
314	-1811.01	5557.69	-316016.88
315	-1843.43	5590.11	-321606.99
316	-1876.04	5622.72	-327229.72
317	-1908.84	5655.52	-332885.24
318	-1941.83	5688.51	-338573.75
319	-1975.01	5721.69	-344295.44
320	-2008.39	5755.07	-350050.51
321	-2041.96	5788.64	-355839.15
322	-2075.73	5822.41	-361661.56
323	-2109.69	5856.37	-367517.93
324	-2143.85	5890.53	-373408.47
325	-2178.22	5924.90	-379333.36
326	-2212.78	5959.46	-385292.82
327	-2247.54	5994.22	-391287.04
328	-2282.51	6029.19	-397316.23
329	-2317.68	6064.36	-403380.59
330	-2353.05	6099.73	-409480.32
331	-2388.64	6135.32	-415615.64
332	-2424.42	6171.10	-421786.74
333	-2460.42	6207.10	-427993.84
334	-2496.63	6243.31	-434237.15
335	-2533.05	6279.73	-440516.88
336	-2569.68	6316.36	-446833.25
337	-2606.53	6353.21	-453186.45
338	-2643.59	6390.27	-459576.72
339	-2680.86	6427.54	-466004.27
340	-2718.36	6465.04	-472469.30
341	-2756.07	6502.75	-478972.05
342	-2794.00	6540.68	-485512.74
343	-2832.16	6578.84	-492091.58
344	-2870.53	6617.21	-498708.79
345	-2909.13	6655.81	-505364.60
346	-2947.96	6694.64	-512059.24
347	-2987.01	6733.69	-518792.94
348	-3026.29	6772.97	-525565.91
349	-3065.80	6812.48	-532378.39
350	-3105.54	6852.22	-539230.61
351	-3145.51	6892.19	-546122.80
352	-3185.72	6932.40	-553055.20
353	-3226.16	6972.84	-560028.03
354	-3266.83	7013.51	-567041.54
355	-3307.74	7054.42	-574095.97
356	-3348.89	7095.57	-581191.54
357	-3390.28	7136.96	-588328.50
358	-3431.92	7178.60	-595507.10
359	-3473.79	7220.47	-602727.57
360	-3515.91	7262.59	-609990.16
